SAMPLE	output.r2.means.M3	output.i.means.M3	output.r.means.M3	output.e.means.M3	output.f.means.M3	output.c.means.M3	output.vc.means.M3	output.r2.means.M2	output.i.means.M2	output.r.means.M2	output.e.means.M2	output.f.means.M2	output.c.means.M2	output.vc.means.M2	output.r2.means.M1	output.i.means.M1	output.r.means.M1	output.e.means.M1	output.f.means.M1	output.c.means.M1	output.vc.means.M1
1	NA	NA	NA	NA	NA	NA	NA	NA	NA	NA	NA	NA	NA	NA	NA	NA	NA	NA	NA	NA	NA
2	NA	NA	NA	NA	NA	NA	NA	NA	NA	NA	NA	NA	NA	NA	NA	NA	NA	NA	NA	NA	NA
3	NA	NA	NA	NA	NA	NA	NA	NA	NA	NA	NA	NA	NA	NA	NA	NA	NA	NA	NA	NA	NA
4	NA	NA	NA	NA	NA	NA	NA	NA	NA	NA	NA	NA	NA	NA	NA	NA	NA	NA	NA	NA	NA
5	NA	NA	NA	NA	NA	NA	NA	NA	NA	NA	NA	NA	NA	NA	NA	NA	NA	NA	NA	NA	NA
6	NA	NA	NA	NA	NA	NA	NA	NA	NA	NA	NA	NA	NA	NA	NA	NA	NA	NA	NA	NA	NA
7	NA	NA	NA	NA	NA	NA	NA	NA	NA	NA	NA	NA	NA	NA	NA	NA	NA	NA	NA	NA	NA
8	NA	NA	NA	NA	NA	NA	NA	NA	NA	NA	NA	NA	NA	NA	NA	NA	NA	NA	NA	NA	NA
9	NA	NA	NA	NA	NA	NA	NA	NA	NA	NA	NA	NA	NA	NA	NA	NA	NA	NA	NA	NA	NA
10	0.041650011	NA	0.200855929	0.134600402	NA	0.882829801	NA	NA	0.056955997	NA	NA	0.025173763	0.86879073	0.278686259	0.985473581	0.12827627	NA	0.034813676	0.031494937	NA	1.216058265
11	0.045452349	0.01038964	0.132734437	0.129256093	0.011550799	0.746894819	0.04758645	0.190404954	0.044954565	0.107967361	0.0467252	0.021403265	0.736157265	0.214492836	0.900405687	0.107415357	0.145652861	0.033846286	0.029808788	0.740764057	0.819899686
12	0.029551918	0.008790413	0.145762697	0.121610009	0.011364981	0.625215457	0.02772975	0.217698375	0.037041629	0.092601429	0.038887397	0.01636412	0.629707108	0.227723933	0.760319557	0.087938778	0.076636506	0.040743857	0.022495149	0.636750979	0.754970502
13	0.031653284	0.007464968	0.141287958	0.106535097	0.013796562	0.54039023	0.027513622	0.193925079	0.031435369	0.088117504	0.026674003	0.021474729	0.534399845	0.186426955	0.537180096	0.072759626	0.084946004	0.026126213	0.020688597	0.541034648	0.640591269
14	0.026344726	0.006856462	0.121502907	0.098002181	0.009536289	0.453190279	0.022441271	0.193906691	0.027447214	0.0751101	0.037638318	0.01446032	0.474179315	0.172922638	0.523079451	0.057407008	0.092807964	0.034672021	0.016934241	0.454187016	0.524067296
15	0.023702021	0.004925997	0.098502969	0.086779973	0.010370339	0.394504651	0.025565514	0.134836361	0.024246715	0.089072164	0.039451233	0.012569444	0.399241938	0.156071651	0.407451738	0.054110826	0.06301738	0.026146502	0.017272286	0.375640601	0.482336755
16	0.026756776	0.004873809	0.111356928	0.074602879	0.009947163	0.342712432	0.017721111	0.106489383	0.020808235	0.105187459	0.034897785	0.014752446	0.338686584	0.103124571	0.376915456	0.045322212	0.083982711	0.021873651	0.01526218	0.33928316	0.44640839
17	0.025722543	0.004042618	0.124353709	0.086374678	0.009305044	0.33432988	0.021067744	0.112386043	0.020264349	0.075941768	0.030248396	0.013502929	0.325155738	0.106746757	0.371541966	0.03886352	0.047525322	0.021704493	0.01381879	0.318302144	0.324104916
18	0.025517709	0.004024629	0.087017833	0.073331514	0.008095019	0.271511882	0.021709903	0.104199638	0.016820179	0.055792084	0.030622398	0.011475549	0.284070581	0.125068823	0.331236127	0.033303167	0.053589509	0.027495866	0.012839582	0.280082759	0.314964273
19	0.015800193	0.003196128	0.104329591	0.079364546	0.009274139	0.250259722	0.019951837	0.120754437	0.014123436	0.041688745	0.025925164	0.010202863	0.270326471	0.127920342	0.239267087	0.031650273	0.067044963	0.023040275	0.010165095	0.246554245	0.241761346
20	0.018258182	0.002912634	0.099830736	0.061302923	0.008978106	0.237533972	0.023735293	0.076232119	0.013647386	0.053620101	0.024538459	0.007964457	0.218411596	0.09251401	0.270996851	0.028257448	0.032344889	0.018180605	0.011505426	0.224108276	0.271720321
21	0.015963134	0.002760616	0.086020341	0.064816866	0.010155568	0.205227869	0.020013395	0.107597694	0.011898151	0.046416222	0.027677067	0.006808015	0.217975993	0.09145626	0.234713514	0.027630859	0.037995264	0.026847904	0.008424564	0.229729987	0.277026731
22	0.02104178	0.002715633	0.079815133	0.073050289	0.007522256	0.18482205	0.013786446	0.084353268	0.010452905	0.046216787	0.027017354	0.00841595	0.187906099	0.097170328	0.202080015	0.024885072	0.040922849	0.011915553	0.007635041	0.184951177	0.235901023
23	0.016040826	0.002329464	0.095264683	0.076571169	0.00723671	0.181001289	0.017035941	0.065492634	0.009977663	0.037615079	0.016101731	0.008899752	0.174597895	0.084829805	0.190409895	0.021805725	0.025032218	0.018487731	0.00890704	0.184727747	0.245782035
24	0.019566494	0.002176526	0.066341348	0.051597341	0.00783164	0.153214223	0.017131928	0.066499237	0.009404689	0.036267958	0.018323198	0.007577227	0.157741676	0.078100674	0.197385426	0.02118724	0.034266473	0.015937556	0.007488581	0.157017782	0.22793801
25	0.015454526	0.002104775	0.07720057	0.05133382	0.007314928	0.140170037	0.016132199	0.059828431	0.007391189	0.051546157	0.022390982	0.007264824	0.157973554	0.081788395	0.197675894	0.018210083	0.030629989	0.012822532	0.007151139	0.161732974	0.172724545
26	0.021370291	0.001792154	0.080561696	0.063746964	0.007696309	0.147716451	0.012140452	0.068864953	0.00711219	0.029890831	0.019928883	0.007101476	0.130448291	0.06038824	0.196769625	0.015867269	0.028991469	0.010862876	0.006472418	0.144404725	0.168130614
27	0.014770553	0.001892145	0.086367668	0.066229173	0.006886303	0.120174337	0.015971681	0.051190378	0.007213029	0.034894878	0.016751409	0.006523909	0.120387647	0.058817065	0.14261168	0.014315112	0.032849571	0.014231732	0.00594562	0.124831898	0.161530177
28	0.016374726	0.001988738	0.069107004	0.039608902	0.007012317	0.123430381	0.018816037	0.06126772	0.006328225	0.033579346	0.017684763	0.005743684	0.120017133	0.062231755	0.143491683	0.014219282	0.028594247	0.013430829	0.006067383	0.125812765	0.149908474
29	0.01560886	0.001628108	0.059540845	0.05261978	0.006393774	0.105606506	0.016947548	0.055260833	0.005820818	0.037030519	0.016195876	0.005659512	0.12278556	0.056555973	0.135816453	0.012135776	0.031095485	0.008814593	0.005629496	0.109751264	0.116575911
30	0.015994725	0.001570018	0.052575175	0.044334181	0.006813262	0.104766811	0.015662438	0.050801419	0.006149768	0.045538903	0.015284929	0.005531259	0.114037966	0.072370324	0.121364732	0.012983107	0.01919248	0.013894514	0.005627731	0.107481909	0.121371933
31	0.011270102	0.001383611	0.053338811	0.032174652	0.006016352	0.101148099	0.011835341	0.069378184	0.006046317	0.037438507	0.013946051	0.005402255	0.10525778	0.065890276	0.125978959	0.012198704	0.023848104	0.012583507	0.004836041	0.089097402	0.122059705
32	0.013543913	0.001372055	0.061619474	0.048059137	0.006841311	0.100542183	0.016263904	0.042798737	0.005631385	0.031996941	0.014265288	0.005400037	0.084605802	0.049591905	0.123379728	0.010227849	0.02335561	0.009975718	0.005113072	0.094228676	0.104903263
33	0.012713698	0.001456193	0.049098975	0.043050419	0.005868985	0.088348566	0.013994325	0.054861345	0.005095423	0.035147723	0.017885216	0.005405178	0.091489919	0.055504532	0.103449404	0.011638534	0.031266103	0.012971199	0.004024815	0.089104071	0.102885774
34	0.014039707	0.001164941	0.041074366	0.04515252	0.005351601	0.091926909	0.01261186	0.059588531	0.004386404	0.033158842	0.016459429	0.004754044	0.091164944	0.054270964	0.099773033	0.011027415	0.024005973	0.008421034	0.00477118	0.082652191	0.086713009
35	0.01376015	0.001097581	0.055174716	0.050729264	0.004930302	0.07537343	0.01177173	0.047746147	0.004067826	0.027483697	0.014928667	0.005232131	0.087420778	0.048280933	0.07472979	0.01047461	0.027887507	0.010570135	0.005026841	0.076183333	0.107998138
36	0.012558421	0.001084508	0.050437623	0.031609924	0.00448247	0.072558239	0.010580066	0.04458488	0.003945573	0.026583027	0.010781308	0.004546149	0.08897636	0.061291754	0.101469391	0.00789246	0.02169279	0.010679599	0.003874104	0.071951563	0.10858083
37	0.010973848	0.001135532	0.04079708	0.044528991	0.003697811	0.078792637	0.013292866	0.042927091	0.00412081	0.028787944	0.014603939	0.003723376	0.06438352	0.026196445	0.085441118	0.008126251	0.024026742	0.011075374	0.003650457	0.072533022	0.093355615
38	0.010110181	0.001167129	0.047752029	0.027747203	0.006656326	0.065332568	0.011695172	0.044826307	0.003600455	0.027970603	0.012373915	0.004355687	0.064727083	0.046957377	0.093224905	0.00906165	0.021009789	0.010779405	0.003367796	0.065670543	0.092277888
39	0.010459197	0.000988466	0.065446827	0.036758526	0.005761181	0.059652929	0.010687813	0.044142893	0.003695504	0.038947455	0.015962237	0.003847022	0.072268266	0.051140155	0.087671351	0.008116767	0.024784807	0.013362292	0.003770028	0.061834339	0.073390829
40	0.01166012	0.000788163	0.051969134	0.039795523	0.005536346	0.071220094	0.010406656	0.03964861	0.003407086	0.025187913	0.014132478	0.003747527	0.060380478	0.034600858	0.065508281	0.008003307	0.018939754	0.012748306	0.003366034	0.063005967	0.062536226
41	0.010868036	0.000913276	0.035876948	0.030955	0.004633898	0.057923276	0.009744192	0.05196082	0.002750986	0.019605596	0.011570879	0.004472319	0.062081345	0.044496319	0.06811307	0.007287515	0.017912434	0.008598247	0.002889926	0.059826136	0.070103601
42	0.010881812	0.000899862	0.050448737	0.039206513	0.003916544	0.057707355	0.008644653	0.04825135	0.003203828	0.023462182	0.012062338	0.003629624	0.051580122	0.05371045	0.072244415	0.007246868	0.013785252	0.010217672	0.003617196	0.054604639	0.072272616
43	0.008270857	0.000915485	0.047928991	0.027678434	0.005425601	0.054973425	0.00882789	0.045630382	0.002969054	0.023205236	0.00959685	0.003385777	0.054172064	0.033733061	0.064637121	0.006527942	0.019306876	0.007428209	0.002485401	0.050321855	0.068535155
44	0.011231833	0.000749282	0.03950083	0.034711315	0.00450507	0.056916945	0.009093991	0.030772408	0.003018101	0.021181937	0.010686983	0.003440625	0.053435915	0.048319842	0.056388879	0.006980796	0.0187931	0.007874106	0.003441206	0.050864553	0.072621283
45	0.012208535	0.000726172	0.044657645	0.027789909	0.004688941	0.049768539	0.010596142	0.037198446	0.002814316	0.021408537	0.008225073	0.003998606	0.045478846	0.041095692	0.059862134	0.006564671	0.015692701	0.007479567	0.002399529	0.054953829	0.056926476
46	0.009309406	0.000755858	0.046329161	0.027655546	0.003597493	0.045381706	0.008863568	0.052371653	0.002594607	0.0226025	0.009300075	0.004089862	0.048200192	0.035885348	0.048798446	0.00584965	0.020846234	0.010040896	0.002577985	0.05098697	0.06767071
47	0.009293467	0.000625468	0.034516505	0.026609419	0.004445724	0.044528059	0.009147631	0.039841331	0.002280891	0.015241025	0.011843595	0.00376667	0.044494488	0.032415404	0.053906407	0.004956325	0.017109288	0.008150178	0.002641249	0.050915497	0.05578925
48	0.007387745	0.000625708	0.047047739	0.026434353	0.004913341	0.046866445	0.00797494	0.030678057	0.002304414	0.024244192	0.008302692	0.00392505	0.041215883	0.028246368	0.051921199	0.005160966	0.016446466	0.008229593	0.002355145	0.04614764	0.051406234
49	0.007675408	0.000741323	0.044775121	0.021961723	0.004368452	0.042750361	0.006793614	0.028890961	0.002590229	0.0264082	0.013584079	0.002737332	0.040467665	0.024948143	0.061489846	0.005651519	0.012408114	0.009232712	0.002414332	0.041063745	0.053691228
50	0.00789352	0.000675976	0.038112747	0.028916374	0.004425872	0.038925471	0.007302018	0.034153532	0.002515606	0.022494784	0.008394662	0.004022799	0.045161112	0.045572483	0.051534599	0.00529874	0.011859607	0.006681685	0.002282393	0.042862828	0.069340624
51	0.008915008	0.00064018	0.03612374	0.029054447	0.004351904	0.039978858	0.01131455	0.030449914	0.002172006	0.016241219	0.010847639	0.00310272	0.039845962	0.032093876	0.050878748	0.004615788	0.017026538	0.008771016	0.002054783	0.041339943	0.046927785
52	0.006959478	0.000573181	0.04898995	0.028299712	0.004056044	0.037964382	0.008070362	0.031862443	0.002257884	0.024633827	0.00950093	0.002458303	0.03506849	0.022981197	0.04424358	0.004310592	0.011862825	0.00772687	0.002429619	0.037249457	0.053194036
53	0.008204273	0.000617532	0.030220019	0.02430061	0.004749408	0.035056959	0.006874561	0.025924314	0.002490483	0.024680962	0.010494108	0.002885187	0.031256842	0.029008754	0.047575879	0.004146587	0.010385556	0.007206126	0.001964481	0.036488938	0.050974568
54	0.00549844	0.000681659	0.033225606	0.026216913	0.004694789	0.036897781	0.007218912	0.028749884	0.001960026	0.016552875	0.008802717	0.003043672	0.037386516	0.033904719	0.044457152	0.004631413	0.018204091	0.007787184	0.001839066	0.038978658	0.047879892
55	0.007236461	0.000624876	0.023755256	0.031148331	0.005118825	0.031745672	0.007604334	0.022838025	0.001631494	0.015335027	0.00894611	0.002747318	0.030650606	0.031001012	0.047104112	0.004535103	0.012335743	0.008092329	0.002216506	0.032999748	0.040369725
56	0.008269024	0.000648176	0.02660285	0.026244635	0.004408995	0.035346813	0.007102975	0.028203494	0.00194792	0.025937308	0.012535913	0.002910285	0.030378212	0.025657661	0.038957824	0.003918463	0.013039686	0.008152804	0.00194726	0.034220254	0.055729097
57	0.005990559	0.000539449	0.043408724	0.017237872	0.003701867	0.031065885	0.009840062	0.026725828	0.001776071	0.024456511	0.012898516	0.001850391	0.028037696	0.025094692	0.034771867	0.004343952	0.010449476	0.006434899	0.001653071	0.031407792	0.046150681
58	0.006816032	0.000557639	0.03547167	0.022205057	0.005173012	0.03450883	0.00851274	0.033971671	0.001839803	0.017486126	0.008006661	0.003035659	0.03148858	0.024120366	0.043046848	0.003622117	0.014924961	0.004430204	0.001430265	0.034375486	0.046192128
59	0.007599184	0.000505503	0.030618444	0.02405682	0.003190365	0.028069634	0.00896373	0.023022685	0.001790057	0.026252962	0.006369063	0.002491496	0.031145387	0.031578859	0.045451889	0.00438203	0.011221132	0.00762562	0.001887857	0.029342376	0.048956965
60	0.006984599	0.000555188	0.037634746	0.021539427	0.003923268	0.032346343	0.00720284	0.024961792	0.001637088	0.019939711	0.007612099	0.002711999	0.024931416	0.03190567	0.03758915	0.003673889	0.013919946	0.008272168	0.001922602	0.028658284	0.039339879
61	0.007272313	0.000493158	0.044084709	0.022500644	0.003881078	0.02592365	0.005636303	0.024059981	0.001497728	0.018117408	0.008117465	0.002652177	0.032716646	0.024685011	0.039869355	0.003635139	0.01131425	0.007238659	0.001545401	0.02882566	0.029893578
62	0.00664783	0.000474792	0.031657233	0.029508874	0.004476605	0.027405985	0.006096457	0.026031934	0.001673008	0.015337043	0.009499735	0.00251471	0.033280781	0.029581861	0.026940349	0.003018146	0.01039438	0.006514773	0.001522073	0.025034812	0.032257757
63	0.006711214	0.000445626	0.036452404	0.02389783	0.004743931	0.02985587	0.005817722	0.032270797	0.001749144	0.019001262	0.006908469	0.00210618	0.027648339	0.031657557	0.029145901	0.004054275	0.012795507	0.007267606	0.001815955	0.026999199	0.0267293
64	0.007486484	0.000351338	0.027419597	0.017594131	0.00349003	0.027327663	0.00524349	0.023450338	0.001558808	0.019144129	0.007756728	0.001881376	0.028823781	0.025051322	0.038856236	0.002949723	0.010852364	0.004410051	0.001372046	0.029759667	0.031955727
65	0.007866199	0.000512205	0.033465114	0.022693601	0.003177554	0.023491447	0.007082399	0.025919389	0.001307269	0.014224046	0.007486528	0.002202896	0.025583051	0.02712161	0.03399068	0.002643415	0.014326752	0.005264991	0.001682724	0.026579403	0.033722996
66	0.007613602	0.000447912	0.035466349	0.020152456	0.004289139	0.024844784	0.005932753	0.025750622	0.00144228	0.018243064	0.008960612	0.002442017	0.024847441	0.024396113	0.03502574	0.002852055	0.010140672	0.005570223	0.00140756	0.023610549	0.023373231
67	0.006380294	0.000320535	0.034062086	0.01706361	0.002994692	0.025298237	0.006383585	0.030075319	0.001481246	0.019422627	0.007037187	0.002188288	0.02112845	0.025194531	0.029429742	0.002838036	0.012220104	0.004286414	0.00128193	0.025946161	0.034374442
68	0.005943998	0.00041565	0.031792147	0.019753016	0.003662913	0.023064213	0.006670657	0.024816062	0.001568903	0.018191457	0.007633144	0.002820598	0.021960776	0.020141993	0.02506696	0.003320896	0.010042977	0.005864307	0.001686178	0.026247307	0.025741684
69	0.006250825	0.000391533	0.031947791	0.01877196	0.003187627	0.023324069	0.006290771	0.025667033	0.001449762	0.01878261	0.007369466	0.002018569	0.019913496	0.026142571	0.030587994	0.002517888	0.011698996	0.005436163	0.001450162	0.021207913	0.035878039
70	0.006292123	0.000406333	0.037439983	0.012764065	0.003152692	0.025133683	0.006447293	0.025532757	0.001572571	0.016310227	0.006394616	0.002522479	0.024155714	0.024825936	0.028326347	0.003011872	0.009229951	0.006975445	0.00112763	0.020464992	0.033886024
71	0.005383789	0.000333598	0.028391597	0.019750526	0.003010182	0.021970356	0.00696869	0.023252962	0.00129221	0.013245476	0.00810361	0.002527299	0.021200705	0.016881464	0.020357972	0.003167939	0.009546003	0.006316135	0.001038937	0.021451791	0.025495288
72	0.004813823	0.000408814	0.029498383	0.019263977	0.003492947	0.020393144	0.007062088	0.016944708	0.001337332	0.013562648	0.007227042	0.001924725	0.02544222	0.017292085	0.024415599	0.002696461	0.010878578	0.005296736	0.001227765	0.021047931	0.031556422
73	0.005797204	0.000370603	0.033141103	0.020174469	0.003111687	0.021161974	0.006543647	0.022964284	0.0012689	0.01273713	0.007543077	0.001656007	0.020443831	0.018022975	0.025375685	0.002882611	0.008640934	0.005289122	0.001014046	0.022936017	0.032332669
74	0.005591413	0.000346994	0.031344853	0.018995754	0.003029834	0.019192275	0.005881357	0.021925004	0.001057132	0.016864247	0.006604096	0.002268466	0.021877304	0.023359151	0.02834067	0.002611097	0.011123141	0.004847506	0.001477592	0.017591108	0.027381455
75	0.005512665	0.00029209	0.028364678	0.020590872	0.002715691	0.020181678	0.006369449	0.020367045	0.001076189	0.012419911	0.009207043	0.002261639	0.023319697	0.019210961	0.023562082	0.002783883	0.010954927	0.004852536	0.001605058	0.020002816	0.02683054
76	0.005888918	0.000376999	0.026700759	0.014860551	0.003805345	0.020128622	0.005800444	0.018202738	0.001240021	0.013650093	0.005393918	0.002126711	0.020890101	0.017947301	0.020619148	0.002569726	0.007339675	0.004647278	0.001598262	0.017311004	0.02150864
77	0.006099644	0.000355481	0.029926855	0.014844859	0.002763912	0.016438787	0.005382601	0.021601987	0.001340938	0.014911369	0.007260778	0.002207934	0.019084112	0.020379388	0.021630367	0.002520118	0.010108976	0.004785777	0.001322072	0.021991218	0.02517027
78	0.005209543	0.000360752	0.029756466	0.015504378	0.003561678	0.019981709	0.00494639	0.020734307	0.001192661	0.012635551	0.006108047	0.001686073	0.016526633	0.021087066	0.018602105	0.002277381	0.010194511	0.004630411	0.001653003	0.018679294	0.026557659
79	0.006651473	0.000337085	0.025526602	0.018263904	0.003621193	0.017138713	0.005808052	0.023323779	0.001323124	0.01609906	0.006882632	0.002192684	0.019702463	0.016606742	0.020602318	0.002470046	0.00735466	0.004747183	0.001144567	0.017246902	0.021632237
80	0.006369743	0.000286538	0.030004823	0.014857367	0.003243206	0.016708959	0.006517317	0.018249441	0.001371156	0.018812836	0.005071455	0.001813671	0.016122933	0.01768291	0.029073932	0.002343266	0.012646569	0.00432914	0.001008482	0.019063456	0.015969742
81	0.005749941	0.000348859	0.030328537	0.01434328	0.00332585	0.016575951	0.006674898	0.021232295	0.0011433	0.015911382	0.00667213	0.001388971	0.016750711	0.017537415	0.020296724	0.002313569	0.008233082	0.005383445	0.001151907	0.018572415	0.019097571
82	0.005416105	0.000325711	0.026342447	0.016303968	0.003664493	0.018886298	0.004449345	0.014845073	0.001129731	0.016479921	0.008400507	0.001853813	0.019275863	0.020770864	0.023151482	0.002505973	0.008158996	0.004403671	0.000964689	0.016454605	0.020013076
83	0.005409016	0.000317695	0.035760071	0.017505265	0.002829546	0.016757239	0.004048843	0.014956273	0.001051424	0.013594164	0.006386499	0.00185527	0.018643923	0.017861186	0.022497163	0.002327645	0.008776219	0.00444078	0.000921535	0.016150134	0.02500645
84	0.005434897	0.000307622	0.026284344	0.019915148	0.002067824	0.016144789	0.004866069	0.014428822	0.001031239	0.017888637	0.006313885	0.001724789	0.018592116	0.01638934	0.023940997	0.002083914	0.009605166	0.006183462	0.001171543	0.016971301	0.020416476
85	0.004584845	0.000295572	0.027804004	0.01435759	0.003178588	0.016316309	0.0043133	0.018461403	0.001586718	0.014341032	0.006140787	0.001937261	0.016373474	0.017528254	0.020687654	0.002272802	0.01024249	0.004965878	0.001369293	0.019245912	0.017584328
86	0.004543555	0.000337514	0.032675027	0.015308313	0.003099618	0.01361215	0.004826428	0.019737718	0.000886729	0.012159455	0.005214175	0.002040911	0.015725848	0.02525854	0.023139183	0.002062459	0.009725429	0.00553992	0.001142511	0.015092721	0.020515355
87	0.004818855	0.000305325	0.020636086	0.0161906	0.003143939	0.016068924	0.004800314	0.013153996	0.000972681	0.014747515	0.00432096	0.001626547	0.015788379	0.014029851	0.015794827	0.002220173	0.007351607	0.004390238	0.001177355	0.013988562	0.016271337
88	0.004966424	0.000364075	0.026510425	0.015121517	0.003199334	0.017593079	0.004231388	0.014565934	0.000976002	0.016379116	0.006813395	0.002134498	0.013642188	0.013400623	0.021099598	0.002295083	0.007828133	0.003751553	0.001178173	0.015415812	0.019669188
89	0.004185102	0.000284988	0.025588931	0.010484533	0.002834079	0.018215354	0.005228189	0.015013299	0.000990324	0.009040668	0.006219929	0.001349914	0.013969677	0.018337298	0.017178363	0.002269286	0.006675574	0.004057996	0.000941253	0.012615894	0.020181582
90	0.004385698	0.000279966	0.02472029	0.018060231	0.002678789	0.012656273	0.004093521	0.021919712	0.00108947	0.011927948	0.005843235	0.001771871	0.016055493	0.020146858	0.017900532	0.00188008	0.008249792	0.004702501	0.001172042	0.013196868	0.021710748
91	0.004755537	0.000240897	0.025845072	0.015590868	0.002158424	0.01358347	0.00435793	0.014008145	0.000886918	0.009893311	0.004813404	0.001751045	0.014886414	0.017115754	0.017423987	0.001857368	0.006822858	0.003548591	0.001114127	0.013824962	0.021560726
92	0.005209197	0.000267896	0.022083124	0.014720458	0.003305318	0.011968964	0.004018123	0.01849531	0.000997653	0.012171899	0.006367212	0.001458005	0.016172811	0.017106197	0.016103768	0.00201278	0.006136857	0.004507741	0.001019649	0.015516039	0.019570563
93	0.004156096	0.000281205	0.023725159	0.014490484	0.002540271	0.014368114	0.003194472	0.018140597	0.000860366	0.014236344	0.006342722	0.002168687	0.012852256	0.015018476	0.01965791	0.001325748	0.008840822	0.003729816	0.001090633	0.012017207	0.014914189
94	0.004983267	0.000244605	0.023916368	0.01655357	0.002446495	0.014481644	0.004272757	0.016881865	0.001043564	0.011526869	0.004352059	0.001480337	0.014578516	0.014261309	0.01907708	0.001782035	0.009284094	0.005582265	0.001126979	0.012730362	0.014684042
95	0.004706562	0.000330424	0.020926773	0.017637142	0.002920067	0.014957885	0.004040176	0.016064902	0.000807672	0.010088673	0.004119265	0.001961204	0.016293772	0.017555189	0.016033108	0.00168599	0.007228059	0.004716056	0.000910263	0.013645412	0.018256693
96	0.004451019	0.00027122	0.027268496	0.013965777	0.003037529	0.014216396	0.003943638	0.018749794	0.000882357	0.015677968	0.00488339	0.001643456	0.012496372	0.017579907	0.018677887	0.001674504	0.006812659	0.003412782	0.001181182	0.013023159	0.019133598
97	0.004561584	0.00020002	0.020258806	0.013838119	0.00275315	0.012253695	0.003280196	0.014595891	0.000733195	0.008701963	0.005063998	0.001893665	0.011880526	0.014876359	0.011693671	0.001696595	0.009283172	0.00529767	0.000930376	0.013141142	0.017256585
98	0.004017451	0.000366159	0.026767992	0.015711805	0.002905205	0.012531871	0.004081022	0.012582119	0.000781113	0.011329316	0.006651377	0.001885287	0.01340199	0.01635553	0.015678521	0.001830359	0.007499546	0.003405807	0.000965088	0.011951984	0.01850551
99	0.004285623	0.000304679	0.017861357	0.013199199	0.002910914	0.011167915	0.004204763	0.016478037	0.000812212	0.011304198	0.005111551	0.00158572	0.013490354	0.015738392	0.014310561	0.001625739	0.007693059	0.003969389	0.000702514	0.011182484	0.016252786
100	0.005557451	0.000221871	0.020494379	0.016228478	0.002620327	0.011808302	0.004437473	0.015387764	0.000950723	0.010647813	0.005372278	0.001963356	0.011623313	0.01672972	0.016392916	0.001628376	0.007145248	0.00313004	0.000820924	0.011772532	0.015095706
101	0.004976059	0.000276865	0.022396718	0.011250077	0.00277106	0.010496042	0.003696281	0.014813309	0.000646083	0.013216228	0.005594429	0.002048071	0.012855268	0.015523342	0.014733445	0.001452313	0.006716353	0.004495639	0.000993044	0.011658833	0.016493927
102	0.004785573	0.000188184	0.016974436	0.012529074	0.003400714	0.01152145	0.003395137	0.015042458	0.000815647	0.012604941	0.004732931	0.001422956	0.011365699	0.020907243	0.015248574	0.001364065	0.008418516	0.003544759	0.000751589	0.013264664	0.013854715
103	0.004357071	0.000248924	0.024186972	0.008987156	0.002825773	0.011378852	0.003993082	0.016787991	0.000649861	0.010242061	0.005905762	0.00148707	0.01392295	0.014183398	0.014353234	0.001795115	0.008499629	0.002894462	0.001200268	0.010375884	0.018172806
104	0.003060242	0.000248653	0.023384154	0.01198843	0.002693173	0.011674251	0.003795007	0.015839762	0.000761937	0.013504223	0.00486053	0.001613316	0.009501774	0.01565861	0.015419061	0.001751266	0.006234128	0.003702198	0.000915144	0.012721781	0.017249328
105	0.002997453	0.000302786	0.024151989	0.012227762	0.003008378	0.010440677	0.003314889	0.014672125	0.00080899	0.013274099	0.004745522	0.001596092	0.009873059	0.018830669	0.01705932	0.001569703	0.006188207	0.003023735	0.000852852	0.012698766	0.014792877
106	0.003850009	0.000232535	0.021138396	0.01654838	0.002956882	0.010632321	0.004807946	0.013010687	0.000771003	0.009868096	0.005066715	0.001785445	0.013833348	0.012557292	0.011055301	0.001384633	0.006006191	0.00343908	0.001330144	0.008161376	0.01464882
107	0.004482531	0.000208727	0.021372637	0.012872808	0.002264556	0.012661642	0.004238521	0.015306684	0.000706788	0.011149504	0.006689944	0.001344114	0.009894645	0.013626907	0.015637657	0.001346831	0.00606978	0.003545415	0.000799595	0.01222598	0.014218501
108	0.003749153	0.000235126	0.022484557	0.011241162	0.003148502	0.01107748	0.003828905	0.013544211	0.000681649	0.013336546	0.005570016	0.001447922	0.009176684	0.014657074	0.011624054	0.001704833	0.007806994	0.002673383	0.000937512	0.012103902	0.016414308
109	0.003366285	0.000221458	0.018764859	0.018392513	0.003138743	0.01000761	0.00304253	0.014933392	0.000539398	0.00768376	0.004425345	0.001185566	0.010465558	0.013587264	0.016822395	0.00152332	0.006414303	0.004190057	0.000847507	0.011481169	0.015352837
110	0.004247403	0.000181241	0.01874202	0.014471621	0.002241866	0.010320121	0.004753536	0.015742977	0.000624287	0.009422483	0.004904695	0.001543552	0.009637624	0.012728575	0.015646458	0.001353879	0.006373082	0.003527819	0.000949107	0.009902093	0.012479239
111	0.004796085	0.000236533	0.021851269	0.013843075	0.002834349	0.010230575	0.002507817	0.014680819	0.000696026	0.008602264	0.005308449	0.001510889	0.010115332	0.011110958	0.016032144	0.001716304	0.008498694	0.003127829	0.000801522	0.010650436	0.014499377
112	0.004101061	0.0002607	0.021740945	0.01351447	0.002303484	0.009877879	0.004109083	0.013020334	0.000673747	0.012763513	0.004716895	0.001772576	0.010306945	0.010415112	0.012932436	0.001522387	0.006027592	0.002589238	0.000692267	0.008711476	0.018968356
113	0.004170001	0.000228454	0.022694202	0.011741494	0.002836636	0.011488387	0.003304291	0.009759937	0.000752045	0.008630094	0.003896273	0.001675924	0.008772448	0.013657694	0.018620388	0.001707834	0.006575706	0.003387202	0.000703532	0.010536777	0.013993046
114	0.002920701	0.000214094	0.021934694	0.009479158	0.00217944	0.011697016	0.004234158	0.015417979	0.000658951	0.012203332	0.005348976	0.001334771	0.009477516	0.01309525	0.010528706	0.001391296	0.006660326	0.003626923	0.000792843	0.011042256	0.021381072
115	0.004681489	0.000194086	0.017692049	0.01113027	0.002677371	0.009215919	0.002645311	0.013170978	0.000622497	0.009686356	0.003708857	0.001388879	0.010911909	0.011879698	0.009803886	0.001239364	0.005579188	0.003674836	0.000875091	0.009083715	0.014936029
116	0.003937252	0.000191513	0.017862246	0.014399378	0.003258943	0.009804109	0.003966914	0.012579083	0.000719409	0.010572018	0.004857494	0.001569097	0.009967275	0.01230397	0.013026105	0.00125441	0.00491639	0.002666577	0.00063745	0.009309431	0.012479679
117	0.00307195	0.000191951	0.02138938	0.013628516	0.002490133	0.008517134	0.004272639	0.012239904	0.000607699	0.011874121	0.003602866	0.001742466	0.008949337	0.012784219	0.013038765	0.001203853	0.007027034	0.003222066	0.00058233	0.008568245	0.01339807
118	0.002801813	0.000209052	0.021549482	0.009325606	0.002442663	0.00956313	0.003440421	0.009977494	0.000615767	0.006879576	0.003662608	0.001536933	0.008986512	0.013536298	0.014476034	0.001273221	0.007556303	0.002626341	0.000632328	0.00796035	0.010747988
119	0.003168308	0.000148361	0.018550174	0.008097009	0.002075594	0.007976612	0.003670287	0.010595171	0.000662761	0.010744062	0.00344435	0.00134148	0.009228848	0.007711772	0.014320676	0.00122917	0.007821179	0.003456863	0.000695248	0.009382346	0.011284413
120	0.003380668	0.000195082	0.024428113	0.010442533	0.003222997	0.009673818	0.003189988	0.012705929	0.00056006	0.010595873	0.003363963	0.001335728	0.008029353	0.008589119	0.010328655	0.001139136	0.00715535	0.003973248	0.00052943	0.009182861	0.011576075
121	0.004610609	0.000200119	0.018206958	0.01387833	0.002897463	0.0100505	0.003088088	0.014737347	0.000583109	0.010225742	0.003307377	0.001234524	0.007848673	0.011660891	0.013306683	0.00124561	0.005658958	0.003633634	0.000853264	0.007818416	0.01362667
122	0.003740958	0.000225789	0.018585516	0.011437433	0.002120106	0.010590488	0.003650709	0.011288277	0.00057316	0.010582701	0.004731036	0.001411404	0.009462075	0.011413094	0.010708921	0.001161378	0.00621408	0.003057798	0.000621996	0.008565797	0.011821577
123	0.002954749	0.000176727	0.018062134	0.009154498	0.002561761	0.00824669	0.002490555	0.010398721	0.000698943	0.010029006	0.003996169	0.001415512	0.007417324	0.013014361	0.011565616	0.001033029	0.006022813	0.00401028	0.000528215	0.009712597	0.010029022
124	0.002765066	0.000180176	0.022556133	0.009531172	0.002190855	0.008363057	0.002841848	0.010927403	0.000699159	0.013102226	0.004494026	0.00123972	0.008981457	0.016170126	0.011474411	0.001065505	0.006495729	0.002892957	0.000667432	0.009961566	0.010983893
125	0.002765973	0.000228787	0.017999641	0.014674988	0.002215987	0.007707705	0.0031988	0.012427133	0.000615307	0.006501284	0.003402206	0.001255487	0.008910336	0.011848125	0.011087708	0.001231095	0.006126192	0.003012194	0.000793475	0.008284341	0.010028501
126	0.003105646	0.000156591	0.01830226	0.011586191	0.002671691	0.007981567	0.004587886	0.01370785	0.000511263	0.0107562	0.003697592	0.001976924	0.009428025	0.010276942	0.0132571	0.001176853	0.005637424	0.002375772	0.000789149	0.009010217	0.010461077
127	0.003614286	0.000202792	0.02055556	0.013972638	0.002090638	0.007718276	0.003973024	0.011120796	0.00060181	0.007460683	0.003570578	0.001241824	0.009285368	0.00938796	0.013186001	0.001238021	0.006380679	0.003453026	0.000775506	0.009109208	0.013622686
128	0.003339725	0.000146858	0.020879394	0.010966193	0.002661483	0.007954514	0.002979808	0.011492907	0.000522083	0.007689356	0.004269606	0.001381039	0.008480264	0.008859035	0.008335022	0.001018856	0.006567315	0.003458242	0.000636299	0.007740937	0.010523182
129	0.003073877	0.000179254	0.025820819	0.007461107	0.002519819	0.007330012	0.00294593	0.012696401	0.000568537	0.007780251	0.003657794	0.001713441	0.0076369	0.010161205	0.011966628	0.000851144	0.006534021	0.003353423	0.000534144	0.008801393	0.009260456
130	0.003286521	0.000204047	0.022120035	0.009293402	0.002561867	0.007026307	0.003686465	0.01171639	0.000552908	0.009659548	0.004380447	0.00133706	0.007345517	0.010531159	0.011133177	0.000907637	0.004567322	0.004063097	0.000587013	0.008444956	0.011505667
131	0.004110155	0.00014302	0.01990279	0.011073438	0.002577888	0.007609667	0.003677173	0.012452384	0.000519277	0.00968084	0.004467624	0.001314421	0.007996806	0.011630655	0.009148689	0.00092981	0.005624078	0.003107196	0.000758623	0.008299437	0.011694879
132	0.002302901	0.000174502	0.027962997	0.011468109	0.00254404	0.007694211	0.003663399	0.010882165	0.000570116	0.008158648	0.004364241	0.001156281	0.007541424	0.010887816	0.01093696	0.001246927	0.005919071	0.002707543	0.000676455	0.007366696	0.011405904
133	0.002945099	0.000172318	0.014039374	0.009993323	0.002485121	0.007948295	0.002616001	0.010816924	0.000560042	0.007972128	0.003440174	0.001421026	0.00758937	0.009435954	0.009607619	0.001213833	0.005654554	0.003409582	0.00054663	0.006356407	0.013883054
134	0.00316469	0.000176411	0.026217523	0.009422722	0.002027748	0.006756735	0.002693149	0.011306889	0.000461029	0.011508329	0.00345805	0.001165669	0.007760507	0.011048924	0.011005502	0.001118995	0.006527765	0.002654643	0.000597176	0.008423269	0.010185439
135	0.00387191	0.000158056	0.019718803	0.008621299	0.001899297	0.007769235	0.003360638	0.009829465	0.000548796	0.010011814	0.003625176	0.001053033	0.008526191	0.008830332	0.009915887	0.001453733	0.005747496	0.002856859	0.00054227	0.005942868	0.01041408
136	0.003000684	0.000186739	0.01610201	0.012855754	0.00246081	0.007019692	0.002819975	0.014398817	0.000607681	0.008035075	0.002506418	0.001200961	0.007793429	0.010353401	0.008146677	0.001199767	0.004509028	0.002763092	0.000650379	0.008023347	0.01157659
137	0.003440379	0.000163829	0.019309986	0.011111128	0.002518868	0.008562793	0.003495244	0.012477323	0.000525726	0.008426008	0.003004542	0.001187953	0.008635136	0.011221237	0.009233042	0.000959583	0.005093479	0.002390376	0.00067566	0.007836475	0.012583724
138	0.003658413	0.00019666	0.016767785	0.010440024	0.002541238	0.00799386	0.003088163	0.011818124	0.000583857	0.007124979	0.003997445	0.001228953	0.007519918	0.009005059	0.010589408	0.000825222	0.005645992	0.00343148	0.000614127	0.006425175	0.010586519
139	0.002564962	0.000146148	0.017615353	0.009694719	0.002541971	0.006184171	0.002875138	0.014019969	0.000586417	0.006255091	0.003226656	0.001356679	0.006857166	0.010768232	0.009790899	0.001175184	0.006054635	0.003400465	0.000598779	0.008127141	0.008428781
140	0.004313963	0.000162871	0.015473103	0.006542576	0.002546029	0.00680456	0.003119058	0.010195979	0.000622951	0.010528967	0.003077176	0.001156097	0.007653847	0.015923989	0.00878165	0.001038757	0.006268964	0.002851756	0.000475861	0.00648786	0.009491267
141	0.003099855	0.00014038	0.024458534	0.009039269	0.002855526	0.0063538	0.003235907	0.009913046	0.000564991	0.009388833	0.003211335	0.001214675	0.007272938	0.006771033	0.012354527	0.000991292	0.005012387	0.003312262	0.000677056	0.007201314	0.01156049
142	0.002671086	0.000136728	0.022560142	0.00951728	0.002052641	0.00640072	0.002800275	0.010988417	0.000567804	0.008226416	0.003426028	0.001072014	0.007015985	0.010724991	0.009785474	0.001093273	0.004320929	0.003021422	0.000577189	0.008440813	0.008415038
143	0.003224038	0.000177705	0.020155137	0.009676182	0.002301461	0.007302954	0.002964542	0.010458835	0.000440163	0.010412888	0.004170057	0.001065137	0.006799444	0.010323005	0.00933397	0.001119514	0.006215632	0.002327186	0.000612234	0.005602323	0.0089415
144	0.003117665	0.00013986	0.017619896	0.008543593	0.002216948	0.007562241	0.00280864	0.009725615	0.000484235	0.009559456	0.003922653	0.001511825	0.006597678	0.011046289	0.010087502	0.000980548	0.005999645	0.002298006	0.000571094	0.005854207	0.008264258
145	0.003365973	0.000151819	0.018631833	0.008755282	0.002456032	0.006985266	0.003260426	0.014948827	0.000422872	0.005325455	0.002672233	0.001266352	0.007361852	0.012629189	0.009078563	0.00094832	0.003611994	0.002609279	0.000676795	0.006491196	0.006724419
146	0.002753243	0.0001706	0.018391104	0.012913417	0.002290298	0.007914208	0.00266922	0.009044607	0.000447586	0.007488412	0.003783514	0.001261668	0.005996624	0.009937891	0.010092798	0.001001264	0.004876124	0.003820918	0.000600643	0.007272279	0.009772807
147	0.002099424	0.000159989	0.017756345	0.0084839	0.002803459	0.005944772	0.002937423	0.008452001	0.000480802	0.012115611	0.003341483	0.001329962	0.008690933	0.010265606	0.009993468	0.00091167	0.005081124	0.002901588	0.000567911	0.006761341	0.009272701
148	0.002809461	0.000171718	0.016439894	0.009868829	0.002580783	0.007992011	0.002300359	0.015444549	0.000511556	0.008787986	0.003040785	0.000963855	0.005554628	0.009565779	0.009614962	0.000787125	0.005498184	0.003243825	0.000535206	0.007245712	0.008502331
149	0.002850095	0.00013249	0.018769796	0.011089421	0.002081557	0.007053988	0.002853387	0.00916662	0.000588064	0.007123407	0.002610351	0.000954531	0.006472938	0.008464115	0.009687411	0.000799133	0.005042733	0.00308879	0.000574185	0.007841533	0.009150762
